,Murder&Arson_reported,Murder&Arson_charged,Breaking&entering_reported,Breaking&entering_charged,Narcotics_reported,Narcotics_charged,Robbery_reported,Robbery_charged,Indecency_reported,Indecency_charged,Theft_reported,Theft_charged,Assault_reported,Assault_charged,Total_reported,Total_charged
Aabenraa,3.0,1.0,124.0,21.0,146.0,142.0,2.0,2.0,14.0,7.0,198.0,104.0,65,57,552.0,334.0
Aalborg,8.0,7.0,419.0,97.0,289.0,268.0,20.0,22.0,46.0,32.0,766.0,299.0,157,139,1705.0,864.0
Aarhus,11.0,13.0,780.0,107.0,540.0,533.0,33.0,31.0,40.0,20.0,2.051,449.0,328,281,1734.051,1434.0
Albertslund,8.0,3.0,58.0,2.0,74.0,65.0,2.0,0.0,5.0,15.0,152.0,39.0,34,29,333.0,153.0
Allerød,0.0,0.0,64.0,10.0,11.0,9.0,1.0,0.0,1.0,2.0,63.0,5.0,20,10,160.0,36.0
Assens,1.0,6.0,156.0,8.0,11.0,7.0,1.0,1.0,6.0,8.0,84.0,23.0,23,25,282.0,78.0
Ballerup,1.0,0.0,122.0,6.0,54.0,70.0,2.0,1.0,10.0,6.0,237.0,56.0,34,25,460.0,164.0
Billund,2.0,0.0,68.0,10.0,67.0,60.0,0.0,0.0,4.0,5.0,80.0,22.0,13,11,234.0,108.0
Bornholm,2.0,1.0,12.0,6.0,64.0,51.0,0.0,0.0,19.0,25.0,43.0,34.0,17,15,157.0,132.0
Brøndby,16.0,11.0,82.0,6.0,79.0,72.0,8.0,14.0,8.0,7.0,159.0,33.0,76,69,428.0,212.0
Brønderslev,2.0,2.0,42.0,6.0,16.0,12.0,0.0,0.0,4.0,0.0,77.0,27.0,18,15,159.0,62.0
Dragør,1.0,0.0,50.0,3.0,5.0,5.0,0.0,0.0,3.0,1.0,51.0,7.0,5,7,115.0,23.0
Egedal,1.0,1.0,56.0,5.0,13.0,10.0,0.0,0.0,5.0,9.0,99.0,12.0,16,18,190.0,55.0
Esbjerg,4.0,2.0,267.0,46.0,311.0,320.0,7.0,5.0,33.0,182.0,415.0,218.0,115,94,1152.0,867.0
Faaborg-Midtfyn,1.0,1.0,119.0,4.0,25.0,24.0,2.0,3.0,20.0,16.0,87.0,26.0,37,53,291.0,127.0
Fanø,0.0,0.0,8.0,0.0,2.0,0.0,0.0,0.0,0.0,1.0,8.0,0.0,3,0,21.0,1.0
Favrskov,2.0,2.0,77.0,18.0,12.0,11.0,0.0,0.0,27.0,23.0,78.0,13.0,35,40,231.0,107.0
Faxe,3.0,2.0,60.0,2.0,17.0,14.0,0.0,0.0,6.0,4.0,84.0,17.0,11,17,181.0,56.0
Fredensborg,4.0,1.0,75.0,4.0,20.0,23.0,7.0,3.0,3.0,7.0,85.0,25.0,25,13,219.0,76.0
Fredericia,1.0,0.0,174.0,10.0,69.0,59.0,1.0,2.0,12.0,10.0,170.0,52.0,45,47,472.0,180.0
Frederiksberg,1.0,1.0,179.0,15.0,78.0,75.0,12.0,8.0,11.0,3.0,473.0,109.0,50,35,804.0,246.0
Frederikshavn,4.0,10.0,149.0,128.0,83.0,68.0,1.0,0.0,9.0,11.0,172.0,89.0,26,21,444.0,327.0
Frederikssund,2.0,2.0,101.0,4.0,31.0,28.0,4.0,0.0,11.0,3.0,138.0,26.0,28,27,315.0,90.0
Furesø,0.0,1.0,77.0,5.0,33.0,34.0,2.0,1.0,3.0,2.0,111.0,22.0,16,9,242.0,74.0
Gentofte,2.0,2.0,235.0,26.0,21.0,22.0,5.0,12.0,7.0,2.0,363.0,61.0,18,19,651.0,144.0
Gladsaxe,2.0,3.0,217.0,21.0,65.0,55.0,5.0,3.0,11.0,18.0,243.0,35.0,30,24,573.0,159.0
Glostrup,8.0,0.0,72.0,5.0,32.0,35.0,4.0,0.0,7.0,10.0,179.0,46.0,31,26,333.0,122.0
Greve,2.0,1.0,123.0,6.0,39.0,34.0,3.0,2.0,1.0,0.0,194.0,42.0,23,20,385.0,105.0
Gribskov,3.0,2.0,144.0,19.0,25.0,20.0,1.0,3.0,16.0,20.0,107.0,23.0,15,13,311.0,100.0
Guldborgsund,11.0,12.0,138.0,17.0,97.0,90.0,9.0,6.0,12.0,4.0,203.0,67.0,97,112,567.0,308.0
Haderslev,0.0,0.0,166.0,27.0,71.0,48.0,0.0,0.0,10.0,7.0,136.0,51.0,47,43,430.0,176.0
Halsnæs,0.0,0.0,112.0,12.0,9.0,5.0,0.0,1.0,6.0,1.0,111.0,10.0,15,15,253.0,44.0
Hedensted,2.0,1.0,95.0,26.0,12.0,22.0,3.0,0.0,1.0,2.0,68.0,17.0,26,21,207.0,89.0
Helsingør,5.0,3.0,186.0,8.0,41.0,49.0,4.0,1.0,12.0,8.0,212.0,62.0,74,49,534.0,180.0
Herlev,4.0,1.0,99.0,8.0,63.0,61.0,2.0,2.0,5.0,2.0,161.0,68.0,21,19,355.0,161.0
Herning,0.0,3.0,106.0,44.0,102.0,100.0,3.0,1.0,13.0,4.0,226.0,132.0,86,67,536.0,351.0
Hillerød,1.0,3.0,123.0,16.0,23.0,24.0,3.0,6.0,6.0,7.0,273.0,138.0,54,37,483.0,231.0
Hjørring,0.0,0.0,297.0,253.0,41.0,27.0,2.0,4.0,8.0,9.0,142.0,39.0,19,19,509.0,351.0
Holbæk,3.0,2.0,173.0,5.0,104.0,113.0,3.0,9.0,65.0,8.0,255.0,78.0,51,35,654.0,250.0
Holstebro,0.0,1.0,107.0,25.0,96.0,84.0,5.0,2.0,13.0,6.0,118.0,51.0,44,32,383.0,201.0
Horsens,13.0,6.0,167.0,23.0,123.0,117.0,1.0,2.0,29.0,20.0,308.0,165.0,98,99,739.0,432.0
Hvidovre,6.0,0.0,116.0,9.0,63.0,62.0,5.0,4.0,8.0,7.0,273.0,58.0,51,37,522.0,177.0
Høje Taastrup,6.0,0.0,135.0,11.0,72.0,88.0,2.0,0.0,7.0,9.0,253.0,78.0,51,30,526.0,216.0
Hørsholm,1.0,0.0,73.0,5.0,3.0,4.0,2.0,2.0,2.0,3.0,123.0,37.0,15,7,219.0,58.0
Ikast-Brande,1.0,1.0,77.0,12.0,49.0,48.0,2.0,4.0,5.0,1.0,72.0,14.0,39,31,245.0,111.0
Ishøj,8.0,1.0,33.0,2.0,51.0,44.0,5.0,1.0,0.0,6.0,136.0,64.0,22,14,255.0,132.0
Jammerbugt,3.0,1.0,156.0,174.0,31.0,16.0,2.0,1.0,6.0,3.0,72.0,8.0,28,21,298.0,224.0
Kalundborg,3.0,1.0,93.0,6.0,29.0,27.0,1.0,1.0,18.0,9.0,88.0,14.0,31,35,263.0,93.0
Kerteminde,0.0,0.0,61.0,10.0,13.0,10.0,0.0,0.0,3.0,2.0,46.0,8.0,8,6,131.0,36.0
Kolding,9.0,6.0,324.0,18.0,146.0,136.0,3.0,3.0,23.0,19.0,327.0,127.0,82,76,914.0,385.0
København,67.0,59.0,1.209,103.0,2.622,2.129,128.0,70.0,123.0,86.0,6.318,1.158,850,588,1178.149,909.287
Køge,0.0,0.0,146.0,14.0,43.0,41.0,4.0,0.0,10.0,7.0,251.0,45.0,35,26,489.0,133.0
Langeland,0.0,0.0,40.0,17.0,21.0,24.0,0.0,0.0,2.0,1.0,19.0,8.0,11,12,93.0,62.0
Lejre,1.0,1.0,55.0,4.0,6.0,3.0,1.0,1.0,3.0,2.0,36.0,8.0,11,14,113.0,33.0
Lemvig,0.0,0.0,16.0,0.0,20.0,19.0,0.0,0.0,1.0,3.0,12.0,4.0,9,7,58.0,33.0
Lolland,8.0,5.0,171.0,31.0,56.0,57.0,1.0,0.0,11.0,4.0,157.0,58.0,70,54,474.0,209.0
Lyngby-Taarbæk,1.0,0.0,219.0,8.0,42.0,36.0,2.0,2.0,11.0,8.0,392.0,149.0,19,18,686.0,221.0
Læsø,0.0,0.0,1.0,0.0,0.0,0.0,0.0,0.0,1.0,0.0,0.0,0.0,1,3,3.0,3.0
Mariagerfjord,1.0,0.0,54.0,14.0,25.0,28.0,1.0,0.0,10.0,3.0,108.0,33.0,27,20,226.0,98.0
Middelfart,0.0,2.0,125.0,13.0,29.0,27.0,3.0,5.0,5.0,4.0,79.0,29.0,23,15,264.0,95.0
Morsø,0.0,0.0,9.0,5.0,5.0,4.0,0.0,0.0,0.0,1.0,32.0,11.0,13,12,59.0,33.0
Norddjurs,1.0,1.0,112.0,9.0,28.0,27.0,0.0,0.0,10.0,5.0,76.0,23.0,38,57,265.0,122.0
Nordfyns,0.0,0.0,70.0,10.0,8.0,6.0,0.0,0.0,1.0,3.0,51.0,21.0,40,32,170.0,72.0
Nyborg,2.0,2.0,113.0,17.0,69.0,90.0,0.0,0.0,10.0,6.0,89.0,25.0,49,32,332.0,172.0
Næstved,9.0,6.0,155.0,16.0,51.0,56.0,1.0,1.0,23.0,14.0,265.0,75.0,79,66,583.0,234.0
Odder,1.0,3.0,25.0,8.0,9.0,10.0,0.0,0.0,6.0,6.0,50.0,11.0,13,15,104.0,53.0
Odense,10.0,14.0,477.0,42.0,239.0,240.0,15.0,13.0,47.0,35.0,917.0,314.0,224,179,1929.0,837.0
Odsherred,5.0,4.0,149.0,13.0,19.0,14.0,3.0,2.0,4.0,4.0,90.0,32.0,21,15,291.0,84.0
Randers,6.0,3.0,236.0,36.0,200.0,207.0,4.0,4.0,10.0,10.0,333.0,144.0,93,111,882.0,515.0
Rebild,2.0,0.0,27.0,4.0,5.0,5.0,0.0,0.0,9.0,2.0,41.0,9.0,6,3,90.0,23.0
Ringkøbing-Skjern,4.0,4.0,119.0,22.0,20.0,19.0,2.0,1.0,5.0,3.0,81.0,38.0,22,29,253.0,116.0
Ringsted,0.0,0.0,69.0,10.0,20.0,23.0,1.0,10.0,5.0,9.0,96.0,38.0,25,21,216.0,111.0
Roskilde,1.0,0.0,148.0,14.0,76.0,70.0,5.0,1.0,16.0,8.0,352.0,104.0,60,34,658.0,231.0
Rudersdal,2.0,2.0,161.0,10.0,20.0,26.0,2.0,0.0,4.0,2.0,235.0,42.0,34,43,458.0,125.0
Rødovre,7.0,2.0,116.0,3.0,33.0,34.0,4.0,0.0,1.0,1.0,207.0,88.0,25,21,393.0,149.0
Samsø,0.0,0.0,0.0,0.0,0.0,0.0,0.0,0.0,0.0,0.0,1.0,0.0,1,1,2.0,1.0
Silkeborg,2.0,6.0,140.0,37.0,126.0,121.0,2.0,2.0,19.0,18.0,187.0,69.0,65,61,541.0,314.0
Skanderborg,5.0,2.0,124.0,29.0,6.0,4.0,2.0,2.0,12.0,5.0,124.0,38.0,27,27,300.0,107.0
Skive,1.0,13.0,44.0,11.0,38.0,39.0,1.0,1.0,15.0,10.0,62.0,29.0,43,39,204.0,142.0
Slagelse,13.0,2.0,267.0,9.0,63.0,59.0,2.0,10.0,14.0,6.0,311.0,123.0,126,107,796.0,316.0
Solrød,0.0,0.0,39.0,2.0,9.0,9.0,1.0,1.0,0.0,0.0,75.0,8.0,7,7,131.0,27.0
Sorø,3.0,4.0,92.0,3.0,6.0,6.0,0.0,0.0,6.0,4.0,66.0,24.0,11,15,184.0,56.0
Stevns,0.0,1.0,25.0,0.0,8.0,7.0,0.0,0.0,1.0,1.0,23.0,1.0,10,6,67.0,16.0
Struer,2.0,4.0,31.0,9.0,22.0,20.0,0.0,0.0,13.0,9.0,27.0,6.0,15,14,110.0,62.0
Svendborg,0.0,0.0,97.0,13.0,78.0,75.0,1.0,3.0,6.0,5.0,144.0,47.0,54,62,380.0,205.0
Syddjurs,3.0,3.0,124.0,9.0,17.0,16.0,0.0,1.0,6.0,3.0,70.0,18.0,12,6,232.0,56.0
Sønderborg,0.0,4.0,208.0,114.0,86.0,67.0,3.0,7.0,19.0,10.0,174.0,63.0,51,52,541.0,317.0
Thisted,1.0,1.0,79.0,42.0,33.0,33.0,0.0,0.0,6.0,6.0,77.0,44.0,22,25,218.0,151.0
Tårnby,1.0,0.0,85.0,5.0,102.0,92.0,2.0,4.0,5.0,4.0,423.0,199.0,34,37,652.0,341.0
Tønder,2.0,4.0,79.0,22.0,74.0,60.0,2.0,5.0,5.0,0.0,94.0,45.0,28,32,284.0,168.0
Vallensbæk,1.0,0.0,38.0,2.0,25.0,30.0,2.0,0.0,1.0,1.0,47.0,11.0,14,3,128.0,47.0
Varde,1.0,1.0,105.0,13.0,73.0,49.0,3.0,2.0,8.0,0.0,98.0,32.0,42,48,330.0,145.0
Vejen,0.0,1.0,71.0,17.0,32.0,31.0,1.0,0.0,15.0,10.0,83.0,32.0,32,21,234.0,112.0
Vejle,8.0,3.0,306.0,43.0,166.0,153.0,7.0,8.0,25.0,17.0,321.0,118.0,100,90,933.0,432.0
Vesthimmerland,3.0,4.0,59.0,13.0,13.0,7.0,0.0,4.0,4.0,9.0,65.0,18.0,19,20,163.0,75.0
Viborg,2.0,3.0,130.0,29.0,138.0,138.0,0.0,0.0,12.0,11.0,193.0,94.0,56,69,531.0,344.0
Vordingborg,3.0,0.0,109.0,9.0,21.0,15.0,0.0,2.0,4.0,3.0,90.0,10.0,46,46,273.0,85.0
Ærø,0.0,0.0,4.0,0.0,2.0,2.0,0.0,0.0,0.0,0.0,4.0,0.0,4,2,14.0,4.0
